345676612844226
6011669895987606
5203607605222666
4539494061254725
378970717540635
6011765075346660
5167747073030128
4916704473734954
347142352266680
6011769794975148
5379143509975900
4716998100024654
378302888051673
6011417253703219
5521168996447961
4539121170718759
374195004426611
6011623845522161
5234792011936522
4532640194369015
341312455900131
6011953844778336
5357598261659255
4024007179210033
347546919944276
6011922529236845
5458927069637957
4716667763152652
373544771393978
6011828558800361
5315898240167938
4916745481145600
349001724718653
6011001917503510
5313400370721600
4556071100565838
345784583609477
6011102261538506
5260184632849341
4532979168516635
341874276438948
6011817734396907
5242590339211713
4716823940049234
340610109564497
6011664439486017
5469300944702239
4916633799918217
377428911947420
6011136480764394
5434765725476322
4916454032886677
376197474633302
6011217490710310
5182466410909123
4716691036078734
377667387590830
6011109386291226
5310448057349511
4916792102796510
378642296023131
6011128071993292
5583613905601179
4716520635119898
345884697009620
6011976362487063
5265789192716360
4929905545387227
345469589838805
6011798343109263
5256985065974554
4024007102941928
342592891023478
6011969221737638
5481180760030160
4957142135308463
340437638690605
6011889719342727
5436611795989703
4532392889820452
347426280312942
6011286048519531
5282504141513308
4539279277509693
343493583540540
6011802524208314
5480987111997306
4916863876348158
344661091802250
6011282758948606
5545687579675500
4024007164656166
340826207674117
6011658961642898
5465546600326440
4929316471261834
345298617618651
6011006401453288
5189650863649376
4532631230561640
342736314409844
6011842899128093
5548148183348577
4556229556929771
340562806696744
6011311828239041
5414215182726797
4485084220095905
378406553415087
6011286972660491
5182912908432581
4024007108498980
375803316231616
6011258115677229
5534786196369068
4024007143585106
374752613183817
6011529147475570
5569558333876612
4024007134309359
345954577028915
6011665847765215
5560614863973458
4539076762312678
344671825097929
6011205865919145
5292904643598401
4539810107403820
377754816026881
6011273087140569
5148924409287672
4556560862554493
370146643588265
6011244646595957
5350356376136850
4024007176443017
372122450541489
6011769820193120
5481230078936192
4929699827118695
379757898393655
6011681964056601
5589611494053525
4539124281319442
374889855632547
6011179329214809
5250238026182719
4929183368421552
349232610483199
6011791135112504
5300244328615281
4485273666546600
340959011757842
6011847142140845
5453044963898696
4024007108148395
373883396922302
6011340682135060
5383828596031518
4929307806457155
371429639131442
6011191134267831
5423991428081028
4485881691583750
377769842205218
6011649955528490
5299301543027735
4485171546095667
372427382206808
6011056921665333
5133264946551679
4485667871773869
347042227110370
6011754580564314
5499664355311309
4929273842437124
347740627684270
6011100577588546
5547302505965367
4024007132190512
378476681815565
6011305496736809
5387558742027732
4539902803170819
377997010332718
6011316108365564
5179428289664416
4556318358120232
372405367280162
6011405975944310
5573646736606647
4532482371169326
377407895454330
6011836406227653
5342935667656394
4539962810207525
349911791070848
6011105550763032
5392337947376357
4024007105389752
343209404787221
6011282846255014
5288029897852522
4532009624804175
374128012696743
6011956940802348
5212087819978982
4485871081931867
343323957358460
6011241626581338
5176179875696600
4539077541841458
342675541641490
6011799646812462
5480061132504465
4539341690283221
376406505716873
6011358617667015
5246850573320984
4485724091271933
370808656504519
6011369529518840
5206240507146317
4223108934217997
347218797286648
6011171772122225
5546735846838168
4556533761987494
349851446630143
6011844618417559
5530231316389773
4815076501682071
344523737195921
6011048999303905
5298965851422869
4929379171631201
342933953015087
6011315422239935
5399743063277407
4024007144122081
373150435218039
6011319349270148
5537833968407804
4485219907258596
376403634886503
6011802457501537
5237766327104154
4921568753677867
341822525164211
6011497496421605
5577158857894347
4929985011343250
349658768505674
6011081621894330
5150358968525914
4670555526732627
342806016038280
6011060168295416
5367848761874278
4929639987320020
374152119969795
6011842153673560
5434040720243444
4720428149229688
378313352189477
6011053121583184
5521719918783832
4001392791172655
371142202359403
6011816043321168
5567024487139424
4556720016822184
370944314964801
6011915092429870
5511601793751195
4556622868097776
345332900645327
6011865267869287
5584693557760555
4024007105174550
349950819874310
6011393573082826
5243453433859169
4024007112162697
375761285574830
6011667642807549
5228008289743690
4024007144032900
373411293854145
6011022426255764
5199576399159010
4916462822542996
344501931865655
6011344355392123
5541583882532443
4485657332902827
348474054142631
6011583204191406
5585935793453217
4485754787694015
379095696437527
6011689666261221
5158339146994992
4916776709717938
374472699323928
6011416558171973
5141801481629095
4024007113253768
371041253837798
6011802981882957
5194695107365076
4716281097638087
345280009174212
6011463018406912
5211664864652612
4532961505369902
371748259887276
6011932388886135
5422696893990568
4532069931296655
370183844459301
6011074832868789
5122076824561429
4485832807867884
343236876768215
6011311212427202
5478275701150096
4916357746536712
346746371062945
6011787378052902
5563207864941611
4024007136015509
347943662490047
6011521174218569
5121842519464521
4948065295559264
375577461892519
6011502008954504
5124551060131036
4716727026486477
344619040229843
6011043616795336
5164297117661630
4716759463973071
378019682707280
6011779125745052
5497349958368318
4916924082671237
372187613937486
6011659980440553
5495844174046617
4024007105613938
347854607350636
6011290412081060
5392624486345731
4716343083710013
373114846878484
6011790780047486
5529424786953334
4024007129029335
370893390116648
6011948005095116
5137301082193043
4532511440798481
349134876038917
6011510777663412
5283488266581853
4929232599627915
346555492566753
6011624034564816
5218804325053355
4024007125766781
370390301014442
6011402846758573
5484771331813766
4494674878389839
347273064185551
6011926165096306
5180681877058840
4024007144899936
340370719274736
6011024634810240
5560945445526806
4532831528132100
340552749083548
6011386701523828
5551969025051275
4929181146926447
376629129433324
6011318649542495
5371102310940881
4556627076490515
346194725148484
6011346044197680
5341353655509057
4716488338517836
348452572500647
6011440171972682
5428068572557809
4716059118717969
345522163673558
6011021508423068
5345332401228101
4916941844048991
346349252534007
6011321147610509
5196401134719155
4485338316301019
344677470563560
6011800928947966
5540886777551977
4916939530035967
374502889014927
6011788389449194
5559446651566852
4929963299452754
349988429493014
6011485430589405
5148300758062208
4485475520371121
379783455808794
6011138503562615
5116781268997421
4024007156188012
344453699404360
6011290852507012
5292200551099643
4916895669337998
375926718403036
6011739944692521
5233536520463176
4024007175313088
346736520353162
6011826831112786
5192223267773385
4024007160919527
379591480920991
6011208222530191
5339179915773918
4539745053708964
379749576865997
6011750619785482
5322552073806093
4556534307882934
373120840410588
6011131550933458
5435558212820550
4152236504704964
342330614726022
6011176236480218
5155167857702954
4024007107322769
379323082266734
6011477796783094
5560539531150140
4539982653765629
377172590818664
6011479041336934
5426398261608197
4916975285425656
340064411089258
6011635252126252
5317041500051355
4532706189891022
344481374722376
6011548599132265
5544156953788652
4916462096077927
343279863138489
6011644269124516
5330278867248074
4716587111317841
342017436800131
6011518138074237
5346400711558563
4556544784114990
379657033648684
6011376493903684
5424693980762784
4929172263569961
343087366336249
6011145169114532
5304019747915280
4916273722863667
340300995923862
6011106542428676
5466991083252235
4929336815840747
370353311540350
6011660207053484
5390180931589359
4916861125291633
347679418120666
6011707596804470
5389497823880404
4907383753158977
372236068583160
6011920710020531
5339200985767596
4556907376337388
376073677141809
6011458087490144
5147526552735968
4539579516920621
374777344747788
6011344233059985
5132567518583206
4929596809460956
373384901656246
6011855534077244
5476513279069591
4929738933095213
347479118979317
6011752049546484
5136874008565016
4532576013419179
344684262836584
6011449980797396
5422620737109433
4532627640142682
340441201893299
6011653361997752
5428550343039449
4532990382644855
374415547337004
6011547630700296
5120403922456934
4929566102081320
375874141787817
6011039993510777
5391844553143105
4716859032097798
376670761355748
6011257983991886
5489869534311573
4532866291671348
345520544661326
6011222111101261
5282515255178266
4556553676017773
378068543284922
6011109507730128
5531478035492748
4485052319770969
377426969593658
6011401916389665
5570628644200989
4929947248167555
370617452629135
6011833719723551
5404418202411356
4556615620436761
373762469727584
6011473418369784
5248201067595046
4929703199924175
377016657938347
6011808175829985
5100603911573771
4485168584237326
375149296996137
6011993974994667
5477361986913258
4916548538580708
341072380288156

=